-- MATRIZ CON PROB-100 --
          1         2         1         2         2             3             4             5             3             4             6             6             5             4             2             1             3             4             6             6             1             6             6             6             6             2             6             5             1             3             2             2             1
F  0.166667  0.026389  0.004178  0.000662  0.000105  1.658481e-05  2.625928e-06  4.157720e-07  6.583057e-08  1.042317e-08  1.650336e-09  2.613032e-10  4.137300e-11  6.550725e-12  1.037198e-12  1.642230e-13  2.600198e-14  4.116980e-15  6.518552e-16  1.032104e-16  1.634165e-17  2.587428e-18  4.096760e-19  6.486537e-20  1.027035e-20  2.848870e-21  4.510711e-22  1.153792e-22  1.826838e-23  2.892493e-24  4.579781e-25  7.251320e-26  1.148126e-26
L  0.000000  0.000833  0.000132  0.000021  0.000003  5.237309e-07  8.292405e-08  1.312964e-08  2.078860e-09  3.291528e-10  2.605793e-10  1.172607e-10  1.055346e-11  9.498116e-13  8.548305e-14  7.693474e-15  8.211152e-16  1.300099e-16  1.029245e-16  4.631603e-17  4.168442e-18  1.875799e-18  8.441096e-19  3.798493e-19  1.709322e-19  1.538390e-20  6.922754e-21  6.230479e-22  5.607431e-23  5.046688e-24  4.542019e-25  4.087817e-26  3.679035e-27

RESULTADO:
FFFFFFFFFFFFFFFFFFLLLLLLLLLFFFFFF

CAMINO:
    1   2   1   2   2   3   4   5   3   4   6   6   5   4   2   1   3   4   6   6   1   6   6   6   6   2   6   5   1   3   2   2   1
F  <-  <-  <-  <-  <-  <-  <-  <-  <-  <-  <-  <-  <-  <-  <-  <-  <-  <-                                      <-  <-  <-  <-  <-  <-
L                                                                          <-  <-  <-  <-  <-  <-  <-  <-  <-                        